0 0 0
87 85 81
188 183 169
264 258 239
290 284 264
298 292 273
299 294 276
312 307 288
315 310 291
325 320 301
355 349 331
360 355 336
424 417 394
454 447 421
473 466 438
474 467 439
474 468 441
478 471 445
478 472 448
481 475 451
517 511 487
525 519 493
564 557 528
566 560 535
586 580 552
588 582 558
608 601 574
616 610 582
626 620 596
629 623 599
633 628 605
680 676 657
687 684 660
726 722 696
734 730 706
753 750 723
756 753 726
767 763 736
768 765 738
778 775 749
790 787 760
792 789 763
879 874 839
895 890 855
909 904 868
925 920 890
943 938 903
966 961 928
968 963 931
969 964 933
983 978 950
990 985 955
1010 1005 977
1021 1016 985
1042 1036 1005
1050 1044 1013
1070 1064 1032
1086 1081 1049
1116 1110 1076
1121 1115 1082
1136 1130 1098
1172 1165 1129
1198 1192 1165
1200 1194 1168
1202 1197 1170
1203 1197 1171
1206 1200 1174
1206 1201 1176
1219 1213 1187
1221 1215 1190
1223 1218 1192
1225 1220 1195
1226 1221 1197
1227 1222 1199
1228 1224 1201
1229 1225 1203
1230 1226 1204
1232 1228 1207
1238 1234 1215
1239 1236 1218
1243 1239 1222
1247 1244 1229
1249 1246 1231
1251 1248 1233
1254 1252 1238
1256 1253 1240
1257 1254 1241
1270 1267 1256
1272 1270 1258
1273 1271 1260
1277 1276 1266
1278 1277 1273
1285 1284 1278
1288 1287 1280
1289 1288 1282
1291 1290 1285
1293 1292 1287
1312 1311 1307
1314 1313 1310
1339 1338 1333
1342 1341 1336
1343 1342 1338
1344 1343 1341
1353 1353 1349
1365 1365 1366
1377 1376 1372
1382 1381 1377
1385 1384 1381
1386 1386 1384
1388 1388 1387
1389 1389 1389
1396 1396 1395
1398 1398 1398
1405 1404 1403
1410 1410 1409
1415 1415 1414
1419 1419 1418
1423 1424 1424
1430 1431 1432
1431 1432 1434
